channels:
  - conda-forge
dependencies:
  - _libgcc_mutex=0.1=conda_forge
  - _openmp_mutex=4.5=2_gnu
  - bzip2=1.0.8=hd590300_5
  - c-ares=1.28.1=hd590300_0
  - ca-certificates=2024.6.2=hbcca054_0
  - cgsi-gsoap=1.3.11=h410d046_8
  - cyrus-sasl=2.1.27=h54b06d7_7
  - davix=0.8.6=h5f3b820_0
  - dcap=2.47.14=h481617c_2
  - expat=2.6.2=h59595ed_0
  - gct=6.2.1705709074=h6bbaf85_0
  - gfal2=2.22.2=h40185fc_0
  - gfal2-util=1.8.1=pyhd8ed1ab_0
  - gsoap=2.8.123=h8dc497d_0
  - gtest=1.14.0=h00ab1b0_1
  - icu=73.2=h59595ed_0
  - json-c=0.17=h7ab15ed_0
  - keyutils=1.6.1=h166bdaf_0
  - krb5=1.21.2=h659d440_0
  - ld_impl_linux-64=2.40=hf3520f5_6
  - libblas=3.9.0=22_linux64_openblas
  - libboost-python=1.84.0=py39h85c637f_3
  - libcblas=3.9.0=22_linux64_openblas
  - libcurl=8.8.0=hca28451_0
  - libedit=3.1.20191231=he28a2e2_2
  - libev=4.33=hd590300_2
  - libexpat=2.6.2=h59595ed_0
  - libffi=3.4.2=h7f98852_5
  - libgcc-ng=13.2.0=h77fa898_10
  - libgfortran-ng=13.2.0=h69a702a_10
  - libgfortran5=13.2.0=h3d2ce59_10
  - libglib=2.80.2=h8a4344b_1
  - libgomp=13.2.0=h77fa898_10
  - libiconv=1.17=hd590300_2
  - liblapack=3.9.0=22_linux64_openblas
  - libnghttp2=1.58.0=h47da74e_1
  - libnsl=2.0.1=hd590300_0
  - libntlm=1.4=h7f98852_1002
  - libopenblas=0.3.27=pthreads_h413a1c8_0
  - libsqlite=3.46.0=hde9e2c9_0
  - libssh2=1.11.0=h0841786_0
  - libstdcxx-ng=13.2.0=hc0a3c3a_10
  - libtool=2.4.7=h27087fc_0
  - libuuid=2.38.1=h0b41bf4_0
  - libxcrypt=4.4.36=hd590300_1
  - libxml2=2.12.7=hc051c1a_1
  - libzlib=1.3.1=h4ab18f5_1
  - ncurses=6.5=h59595ed_0
  - numpy=1.26.4=py39h474f0d3_0
  - openldap=2.6.8=hedd0468_0
  - openssl=3.3.1=h4ab18f5_0
  - pcre2=10.44=h0f59acf_0
  - perl=5.32.1=7_hd590300_perl5
  - pip=24.0=pyhd8ed1ab_0
  - pugixml=1.14=h59595ed_0
  - python=3.9.19=h0755675_0_cpython
  - python-gfal2=1.12.2=py39hf65e428_2
  - python_abi=3.9=4_cp39
  - readline=8.2=h8228510_1
  - scitokens-cpp=1.0.2=haea88ab_0
  - setuptools=70.0.0=pyhd8ed1ab_0
  - srm-ifce=1.24.6=h3b26d37_2
  - tk=8.6.13=noxft_h4845f30_101
  - tzdata=2024a=h0c530f3_0
  - voms=2.1.0rc3=h25bd2b9_0
  - wheel=0.43.0=pyhd8ed1ab_1
  - xrootd=5.6.8=py39h2326971_0
  - xz=5.2.6=h166bdaf_0
  - zlib=1.3.1=h4ab18f5_1
  - zstd=1.5.6=ha6fb4c9_0
  - pip:
      - docutils==0.21.2
      - lockfile==0.12.2
      - luigi==3.5.1
      - markdown-it-py==3.0.0
      - mdurl==0.1.2
      - pygments==2.18.0
      - python-daemon==3.0.1
      - python-dateutil==2.9.0.post0
      - pyyaml==6.0.1
      - rich==13.7.1
      - six==1.16.0
      - tenacity==8.3.0
      - tornado==6.4.1
